8.218084879275394661e-01 8.748488346098787227e-01 8.587979934045240071e-01 8.194617552134687566e-01 8.764616349508570492e-01 8.565632716943185621e-01 1.005364387732792908e+00 1.017714602727376683e+00 8.718633334822051273e-01 1.291608856978280206e+00 1.155277829010853630e+00 1.312050419176929328e+00 1.130406719837887319e+00 1.091218895098428510e+00 9.182506342769657381e-01 7.802890922075677027e-01 9.719456773756226520e-01 8.412181003190027928e-01 8.419659221017770090e-01 9.284452151113407048e-01 8.478881404402458521e-01
7.681041005417632572e-01 8.413531010074760674e-01 8.547066515975753065e-01 9.666980587767545208e-01 6.923798538433021399e-01 9.740521394252873444e-01 8.866001582413139959e-01 9.865540595013783109e-01 9.367538460984836668e-01 1.242421513184180260e+00 1.200594945960182347e+00 1.252212542331871292e+00 9.037396034992304372e-01 1.014474770143169335e+00 1.102482193047100489e+00 9.023624438186457208e-01 9.314236199703318508e-01 9.316330036498001732e-01 1.092961258210290332e+00 7.766105737282953392e-01 6.350007159786362765e-01
7.709530339088480622e-01 8.113395615975839137e-01 8.382517033959892006e-01 8.782559247432361049e-01 9.410202288554639916e-01 8.918119298704640929e-01 8.818063241172358069e-01 9.694628282931265773e-01 1.062524647073770812e+00 1.122506593400647068e+00 1.105053420180330592e+00 1.046927442233890115e+00 1.103774727472937478e+00 9.895209111889734510e-01 1.336126264831074550e+00 9.363561305417746894e-01 9.874418430635004684e-01 8.253192004421394667e-01 9.453706804329247149e-01 8.843685046952928230e-01 9.728376387914134948e-01
8.561918740156707619e-01 7.784208383355474270e-01 8.825234992571487913e-01 8.984828623734150144e-01 8.783007001631120136e-01 9.146994455902791588e-01 1.042706271842786858e+00 1.005172603459394853e+00 1.115351673098997853e+00 9.230907172471559674e-01 9.736894285349431133e-01 1.044145401409513951e+00 1.140237392358793178e+00 8.247584469215359926e-01 1.139990719867539637e+00 8.846481338608407352e-01 9.067592460206175264e-01 1.089992381736164750e+00 9.971851197625936081e-01 1.039546052374407337e+00 7.842130376647797885e-01
8.501847330933849367e-01 9.291309185865055387e-01 8.566642194804972021e-01 8.810711427507359472e-01 9.364127492816252119e-01 7.548695484612689688e-01 9.354380619351719828e-01 1.004152703496980381e+00 1.201424144182091203e+00 1.019278450823888349e+00 1.098660595160633635e+00 1.148377735208762296e+00 1.027405278312555792e+00 9.107411656169693837e-01 1.099819057269055600e+00 8.734515883009614790e-01 8.485216837385580746e-01 1.089176223847198477e+00 9.893196308501137626e-01 6.671134010593343655e-01 6.582311622450132127e-01
8.832098430850893189e-01 9.080712158041320814e-01 8.552935448185701173e-01 7.698870858900932479e-01 9.376406660323833853e-01 9.681414249344746370e-01 1.014987706190133121e+00 9.820559096610682603e-01 1.075100242567315734e+00 1.020114042418661437e+00 1.214749716882120634e+00 1.074716819278572100e+00 1.000352372891562203e+00 9.494378143220426614e-01 8.767084247001786235e-01 9.290448355726594887e-01 1.148326185734022120e+00 1.287664086129592933e+00 1.121057211533179609e+00 8.028513091586757522e-01 8.398828884664151229e-01
8.528548894425205251e-01 9.132687897654412357e-01 8.187325355804137006e-01 9.566363113207113633e-01 1.059184347735478982e+00 9.737102485319065748e-01 9.772998267892049062e-01 1.032575720975164701e+00 1.074133683649249660e+00 1.162839316476926177e+00 1.068246572036223307e+00 1.075337401722038733e+00 1.034015709564766183e+00 1.225210486370233109e+00 1.007860131082707111e+00 8.951100066133039768e-01 1.057719069584082128e+00 8.623431707154639581e-01 9.579157139699232548e-01 8.865798128170567782e-01 1.023454700912157955e+00
7.582102266189557627e-01 7.978148459942926429e-01 9.090758000541409034e-01 8.846993397646366608e-01 1.092841531566880020e+00 1.042053550112024274e+00 1.001557615612372221e+00 1.094209053054015168e+00 1.058689201009551439e+00 1.119876438257104256e+00 1.204764128133222645e+00 1.152214264354637585e+00 1.129235512122372498e+00 1.066554050243041951e+00 9.743878696835808206e-01 1.145785720317370027e+00 1.164214251862420557e+00 9.706268484078549585e-01 7.990814595080875105e-01 8.212105361708459395e-01 1.157962376470081711e+00
9.314754271377196915e-01 9.484715352193435756e-01 1.048601184863894087e+00 1.017738461947640172e+00 1.007597682709929332e+00 9.912848475274099735e-01 9.940979594414843801e-01 1.202986868292058364e+00 1.139071724923453433e+00 1.200564016846620952e+00 1.326364229073827783e+00 1.295185692235289565e+00 1.191426418632165030e+00 1.102127105001307728e+00 1.051508805091535992e+00 1.133186410141043376e+00 9.445901754667852535e-01 1.110029124038689252e+00 1.016796033595275484e+00 1.067364203857027460e+00 1.050580731093536224e+00
9.163184019737911079e-01 9.919176728435735724e-01 1.072706977531219907e+00 9.488165573269623509e-01 1.041709195071094607e+00 1.044668175541167310e+00 1.100406608564918898e+00 1.122223359207634941e+00 1.511456026594965696e+00 1.222958845255202931e+00 1.427095556512588903e+00 1.302352556727627064e+00 1.114387931911551943e+00 1.212587623580383633e+00 1.130477936487177093e+00 1.078343753357749346e+00 9.802400092262837372e-01 1.235806320555113968e+00 1.037688917084132800e+00 1.224807963288886858e+00 1.156423847687642725e+00
1.045637943748977117e+00 1.080307277536137089e+00 1.170826202390549797e+00 1.098955558798269783e+00 1.145067196974746127e+00 1.100835050785706093e+00 1.088155107274922262e+00 1.320354751702878637e+00 1.402706009987670921e+00 1.495607700608602153e+00 1.625891664365587852e+00 1.541277646393683698e+00 1.353738129745036600e+00 1.366786721643136193e+00 1.072579222765223772e+00 1.077382002190024446e+00 1.062137672068594663e+00 1.002892808552608095e+00 9.906501165488538208e-01 1.120940160169758615e+00 1.019765565682825059e+00
1.072472302748412210e+00 1.224214359185451739e+00 1.056476127085036687e+00 1.240658638260819346e+00 1.157879761109120276e+00 1.065240166340585715e+00 1.117845300088158300e+00 1.260024597011803804e+00 1.405000907815063371e+00 1.375990248019235640e+00 1.338923832948205606e+00 1.550757079475753697e+00 1.087033932536344505e+00 1.197480126414076640e+00 1.111280551169818720e+00 1.057306031483457032e+00 9.993003402476248187e-01 1.031569152917607424e+00 9.528221093763113991e-01 9.096871648800036736e-01 1.108887600509621763e+00
1.044904738929802734e+00 1.177642476763691937e+00 1.020351130717993771e+00 1.107118328757212611e+00 1.049935489581888204e+00 1.186575385229267310e+00 1.221622612562039301e+00 1.149185022517455357e+00 1.224231691509255260e+00 1.231128004805452703e+00 1.415723455098691241e+00 1.272930537536830498e+00 1.127334929995275292e+00 9.218500478613216309e-01 1.145974513510040316e+00 1.079346190773155190e+00 1.028865628485212458e+00 1.090390645061627195e+00 8.825370456974347411e-01 9.186583474337978172e-01 9.449192173778591108e-01
1.121493547420147285e+00 1.194255012984675623e+00 1.085254917132950636e+00 1.019401212926991374e+00 1.029149334021329576e+00 1.077073771682478087e+00 1.093471267406623593e+00 1.039239881630985352e+00 1.138886904488102925e+00 1.135487955101434743e+00 1.249581823041489015e+00 1.079662767604075313e+00 1.066984538803740890e+00 9.905353212794071327e-01 9.874634311477165083e-01 1.072396419202566342e+00 1.093141308656600863e+00 9.286525816919493082e-01 7.309199897384368594e-01 8.127940906544638411e-01 8.358872789444332652e-01
9.691809573750013174e-01 1.102911709251341854e+00 9.433358554294464238e-01 9.961104060285942419e-01 1.060265674834339755e+00 9.916703685737152663e-01 1.064983411525206591e+00 1.135902827893214173e+00 1.226103251196017041e+00 1.131711962765422186e+00 1.233057744925222465e+00 1.156577582759307221e+00 8.992088870636695264e-01 1.011262068561947336e+00 1.009050834339294322e+00 9.296603384284632954e-01 9.417048195183524983e-01 1.018734903140563475e+00 1.009996899595066333e+00 1.018264937446945240e+00 7.893678665809380490e-01
1.072607688451770791e+00 1.099874780367200211e+00 1.067902702209590826e+00 9.692727153092881576e-01 1.049940900914707376e+00 1.049661322438603550e+00 1.021784660635052910e+00 1.034414938471051038e+00 1.245010001040361303e+00 1.083968394732147456e+00 1.186730382559864516e+00 1.116698396215971112e+00 9.243689177870603180e-01 8.709869667210844435e-01 9.322932176435948515e-01 1.042307361901944063e+00 9.791741086957610474e-01 9.418510226910838945e-01 8.479371798024707418e-01 9.249834139898928109e-01 7.701187469359094262e-01
1.038086438126743172e+00 1.155582073699748635e+00 1.167084246247562129e+00 1.016400428660767519e+00 9.708971808788326996e-01 1.156345538489998770e+00 1.054000418517463178e+00 9.529148063057349960e-01 1.009653606532299852e+00 1.105873144010068421e+00 1.166894637099754162e+00 1.094954089032588840e+00 9.594406529460887123e-01 9.150370776938402395e-01 8.603715897825749970e-01 8.446832976920857217e-01 9.199898780282593780e-01 1.077866913626014167e+00 8.894092925138633587e-01 7.981172368547546636e-01 1.030143049848571968e+00
9.805665927749804833e-01 1.163164591941581838e+00 1.166850779130095273e+00 1.037244289878970438e+00 9.720865747081383068e-01 9.583427630204542913e-01 9.557791164335490697e-01 1.000791692819527734e+00 1.085015967596481223e+00 1.045143160693091877e+00 1.202292958656495880e+00 1.078261871864832466e+00 9.803822934975708892e-01 9.379864571398246476e-01 8.813044704605305091e-01 8.916851701659156415e-01 9.163946404773947174e-01 8.483975752933081704e-01 9.280087456490917486e-01 8.939667153192034643e-01 8.876905734784382718e-01
1.084884757489745333e+00 1.041985638886737897e+00 9.256038453233796925e-01 9.640818378256212906e-01 9.676275353662557865e-01 1.028598962995802113e+00 9.963943578714634652e-01 1.100402785212499346e+00 1.066722215424728004e+00 1.101676670860657348e+00 1.096740540842750855e+00 1.043593472085286633e+00 1.064907881279797186e+00 9.791815401340232539e-01 8.304951368130331080e-01 8.333704269591015734e-01 8.633565576264072838e-01 6.982210992657095217e-01 7.725737687359156558e-01 8.078237284249132344e-01 9.926096719348957986e-01
9.384302056545433812e-01 9.925259398057195703e-01 9.577389264352914600e-01 9.900305604068248000e-01 1.007192644889856936e+00 9.861551809460442630e-01 1.016205326144939303e+00 9.718498885407483856e-01 1.090568814248927820e+00 1.070950289445711689e+00 1.106022496790699083e+00 8.831422330585804170e-01 9.503720661416109605e-01 9.793482099990189482e-01 8.835099428279662437e-01 8.288477090857556684e-01 8.920613613833722200e-01 8.035349116886943976e-01 8.534272903488206996e-01 8.242252276238697384e-01 9.040254911012258754e-01
1.020430810069788752e+00 1.036231802687957337e+00 1.009390473075393313e+00 1.090864407559446470e+00 1.127440538452838092e+00 1.083845046795649303e+00 1.084770914108898365e+00 9.905531084361379746e-01 1.082046421125151703e+00 1.117345724267211349e+00 1.067569734191317954e+00 9.010645693370917808e-01 8.786741267786117859e-01 8.626733898163854164e-01 7.903655794166059012e-01 8.610373672687242630e-01 8.610926510023231284e-01 7.866410604689740849e-01 7.398595814284676386e-01 8.513716605184171726e-01 7.807875882137930157e-01
