9.249014931881643919e-01 9.020536489463281127e-01 9.963796453323444657e-01 9.176582336572228771e-01 8.614135812342827991e-01 1.000073804253249765e+00 1.151721381088183449e+00 9.540831942694705248e-01 1.098598382863187783e+00 8.743144712312624911e-01 1.046396124842493780e+00 9.630564350955268527e-01 7.595381333914154043e-01 8.357372652962228310e-01 6.976597031488125378e-01 1.090776973199495403e+00 9.262213409452045854e-01 8.967218540128411020e-01 8.959868747627174335e-01 8.879945609605489620e-01 7.308238076619388846e-01
9.570576318188984688e-01 8.430367636370668105e-01 1.039838152184119568e+00 9.354392338105779192e-01 9.203680362824152583e-01 1.051936058947382513e+00 1.086682520696520271e+00 8.181338927614411061e-01 9.645499366729965995e-01 9.939890007995655363e-01 1.105640443462008404e+00 1.063078430816076114e+00 7.870856231179278462e-01 1.152503254777220709e+00 8.509584934895498831e-01 1.018616182956751492e+00 9.180443584426454251e-01 8.280149314824039042e-01 1.011775416621187196e+00 8.306015109664032225e-01 8.137845736392775864e-01
9.549218244913476594e-01 8.593600865953284762e-01 1.010451498214021804e+00 9.161232633902074429e-01 9.570753031221223006e-01 1.061440524599505553e+00 9.250162363366060125e-01 9.072122141677049223e-01 1.053584637111925515e+00 9.429346497533349636e-01 1.197638170395023627e+00 1.061125057475176714e+00 8.687399729109477331e-01 7.600428457814546457e-01 1.008021199725646966e+00 9.911522407754439490e-01 8.903959036021084072e-01 8.716949883677762578e-01 9.018204614438994904e-01 9.213461402314362392e-01 7.944320915520485249e-01
8.504472015047814804e-01 9.686246497209730633e-01 9.680106670361254828e-01 1.020094432177781396e+00 1.063261437988078484e+00 1.067418412295367824e+00 9.159758670235897959e-01 1.061115278982808219e+00 1.205186672416291405e+00 1.071889508649797040e+00 9.568780061331739750e-01 7.262410176769448222e-01 8.619752545634421503e-01 8.420266507751898999e-01 1.160961200829497830e+00 9.807437585150104997e-01 8.501720777244557992e-01 8.647635196286682646e-01 6.801413385308101578e-01 1.014697300670236002e+00 8.587979046888394308e-01
9.600927801866085964e-01 9.427458319405681575e-01 9.409740393009412562e-01 9.120638377945300412e-01 7.998716541997495932e-01 1.019199370245331027e+00 1.023542955082402672e+00 9.944423246041405040e-01 1.057314508826143751e+00 9.761259842853262647e-01 1.093944471172214383e+00 8.809678002205370007e-01 9.391425117124712063e-01 9.699526564203315715e-01 8.786152315438164884e-01 7.763388583652935937e-01 7.948112736863061079e-01 9.170761054441227689e-01 8.479756301929300966e-01 8.554949367738675647e-01 9.114672082418097121e-01
9.564468975125229866e-01 9.684299217501066703e-01 8.588058680223864538e-01 8.379334303269402318e-01 1.019723481254006581e+00 9.157591692489862600e-01 7.619705348002497880e-01 9.064701740185096002e-01 1.014967025546052115e+00 1.156978516961548742e+00 9.050808796417394442e-01 9.804342188245164236e-01 1.130400789021885011e+00 1.023012794325220298e+00 8.357364760946233151e-01 9.429468464799118932e-01 8.961241243490664088e-01 8.373678259864005824e-01 9.754580833736400391e-01 8.412209495513822688e-01 8.366503453152881464e-01
1.015739560743731396e+00 8.923909342783317156e-01 9.385144572129900942e-01 9.213035499056356770e-01 9.026211876207337337e-01 1.005003084197153784e+00 1.017611082158459412e+00 8.736525548766955751e-01 8.054798044344242403e-01 9.521059058935338326e-01 9.223990031545070689e-01 9.583394312478031862e-01 9.370035154082246853e-01 9.520004545912360561e-01 9.664913273842345998e-01 9.330512801921294619e-01 9.505250499441927348e-01 1.004345575230205734e+00 8.672118001007858012e-01 8.747439768218391309e-01 1.038295581238284804e+00
9.382678679634613994e-01 9.368631672496915419e-01 9.151358429116931426e-01 9.796546726014232487e-01 9.376138947953143177e-01 9.331899253993224397e-01 9.459280939509506769e-01 9.343407069570467405e-01 9.027417330822607999e-01 1.017692120152477342e+00 1.042599724096090030e+00 1.111207114200020163e+00 9.689528125540620707e-01 9.391520172071294859e-01 9.236691940050628657e-01 9.719666572072680477e-01 1.050112967254966279e+00 9.585042447064925364e-01 9.094370473466212301e-01 7.605963418281307398e-01 7.650112477103471198e-01
9.417258842619105064e-01 1.035903207036625195e+00 1.053227445168147813e+00 8.854182046697707253e-01 9.471342990252545890e-01 9.519408473468214948e-01 1.015626089687613476e+00 9.673658888783899235e-01 1.104333295705816731e+00 1.007130554401027611e+00 9.775166598310072175e-01 1.295432820398364271e+00 1.031130811769838118e+00 8.997363931515903746e-01 9.185267999941632011e-01 7.441569579421497549e-01 8.799468847874833966e-01 8.932730302953142409e-01 8.420158460327062944e-01 8.875939793419398427e-01 8.621333937580848428e-01
9.958081869589797686e-01 1.001661723144018579e+00 9.596962623095880440e-01 1.002514437673296399e+00 1.066321110716997200e+00 1.050674935274911181e+00 9.415394236242443649e-01 9.891469065467054511e-01 9.352133344336214238e-01 1.116518670960729098e+00 8.950012293609549419e-01 9.610342862012113407e-01 8.086314350055371358e-01 9.355125729298000570e-01 9.046368727470204263e-01 1.036583683801409750e+00 9.877131938599699179e-01 8.948914050430091249e-01 8.443624468683835760e-01 9.421397161153998168e-01 7.771968134202535960e-01
9.432344492254651769e-01 9.648682101896642882e-01 9.533879111507148618e-01 9.761573238048308898e-01 1.004266075120362256e+00 1.016517478547104947e+00 1.017270648431072955e+00 1.158495043370737498e+00 9.894239811536537088e-01 9.977510788001977549e-01 1.276185951257349904e+00 9.375519573073218815e-01 1.139673795722011773e+00 1.050960371787775349e+00 9.111075634677092694e-01 9.476654222416230899e-01 9.295032188209257917e-01 9.810917870842890132e-01 8.682436389477469207e-01 8.704840789659403777e-01 1.053278766874461425e+00
9.841440676950186095e-01 9.595604157938975032e-01 9.473415798675774990e-01 1.029121158532737113e+00 1.082659299977731804e+00 9.591688750302839184e-01 1.028820268767282720e+00 1.017444354851485544e+00 1.042633570010392585e+00 9.203301407953242697e-01 1.097262668535599950e+00 9.428978783427564014e-01 9.759291016028960319e-01 9.680757995066324728e-01 1.031406337708678844e+00 1.036757596600521580e+00 8.791018036455020557e-01 9.155725799447730351e-01 8.320798726596090322e-01 8.267239949975314639e-01 1.170334070453697750e+00
1.023920157170273848e+00 1.024626508491538024e+00 9.806382778018823965e-01 1.020801358088969213e+00 9.666701029636481923e-01 9.891588804406252766e-01 9.687015820082515161e-01 9.939671727779003652e-01 1.200555322566804195e+00 9.379482875084068638e-01 9.989621515409954355e-01 8.965265252491512182e-01 8.098273235218944599e-01 9.975082350831725453e-01 9.060742407619083449e-01 1.114382064581446619e+00 1.013031217644340343e+00 8.098524909422024631e-01 1.054763962349943629e+00 9.880425606819202011e-01 9.481327084981847619e-01
1.021224670734706796e+00 9.408900974018664654e-01 1.028581019274021457e+00 9.500566941233460350e-01 9.607606400918344836e-01 1.015395963280682823e+00 9.565879279739299967e-01 9.678555783569471327e-01 1.060894275064387049e+00 9.590414476530645382e-01 9.619999114521746719e-01 1.038621767186342915e+00 9.304978325237002190e-01 9.930781655781633077e-01 9.171451186783207143e-01 9.078148331874413834e-01 8.328291904489231179e-01 8.871031953414441062e-01 9.238383513551819970e-01 8.209302443192986187e-01 9.572115120287366663e-01
1.001307239984471131e+00 1.012650179805819839e+00 1.010702068890001470e+00 9.532338816632246470e-01 1.041497874267071966e+00 1.002020574136778031e+00 1.020251765000149025e+00 9.647053625030298507e-01 1.064703316813845113e+00 1.057751747399342745e+00 1.049576653675238003e+00 9.323695529627485934e-01 1.065937027871469933e+00 9.261630340747643020e-01 9.423627338485209837e-01 7.811301963960194383e-01 9.996601109368697946e-01 7.999835939467785373e-01 8.437586661743845529e-01 1.011233058516769256e+00 9.550129938229340310e-01
1.000869761934450430e+00 1.124203056263855194e+00 9.904805900615877290e-01 1.082176316427807317e+00 1.018125164379825920e+00 1.004800523996219441e+00 1.015069363058557883e+00 9.955594337066016042e-01 1.022238652822045735e+00 1.093059591566831967e+00 9.902829153612596746e-01 9.319919710530462087e-01 9.442364870231664264e-01 8.489492836785786922e-01 8.339181951739129683e-01 9.620939436766208219e-01 9.722621911985430687e-01 9.091861039741059303e-01 9.862441923644387209e-01 1.097681748509521160e+00 9.379422919668983782e-01
1.090746023344114635e+00 1.093971348922021525e+00 9.280148196072652844e-01 9.765846129827864264e-01 1.113803846751608262e+00 1.056245802415286761e+00 1.029933727282354550e+00 9.757861417601337850e-01 1.002818087433172689e+00 1.000684326533753943e+00 1.014532633896755076e+00 1.057510874836340209e+00 1.023616842064897448e+00 9.749032397239444370e-01 8.429107625044754970e-01 9.811491986574196744e-01 9.761839406855498114e-01 8.245915544230066896e-01 9.535475030425732967e-01 9.394273458942611343e-01 9.376601136665869696e-01
1.001364611543438699e+00 1.013215259201288410e+00 8.899545195280549326e-01 9.831381515441390828e-01 1.063858809126176919e+00 9.767477251047209652e-01 1.032467122601780973e+00 1.016423518099939027e+00 9.743647553086755009e-01 9.924199261567235864e-01 1.060961004071133251e+00 1.023375010092210102e+00 9.771299139070632744e-01 8.587248996084524411e-01 9.434350098010135799e-01 9.095653749931399412e-01 1.025037044955536381e+00 9.105007126939728135e-01 8.960330847817367106e-01 8.780541135970564293e-01 9.382044221262753059e-01
1.086324512054398284e+00 1.053964337983779087e+00 1.042690410954668412e+00 9.605773155043182410e-01 1.037591877235550353e+00 9.678300885231788664e-01 9.846870769485991381e-01 9.529960813569463562e-01 9.639828306986417683e-01 1.013398291769749049e+00 9.672767500614574132e-01 9.628931256950606921e-01 9.186065459477018580e-01 9.283852170652761027e-01 9.716451803837927725e-01 8.345837908051846332e-01 8.548553840456357689e-01 9.781357623504701726e-01 9.667040565572535549e-01 9.385601378898146274e-01 8.623893033700047450e-01
1.009482273382813489e+00 9.325968746244015506e-01 9.422481977703791589e-01 9.858073951958670200e-01 9.976862559447600143e-01 1.034290698867445846e+00 1.004958111312111768e+00 1.010674936895545661e+00 9.872648234127588962e-01 9.860080519636629237e-01 1.050790729680406654e+00 9.936624097148416546e-01 8.579244119975315552e-01 8.486905544975433813e-01 9.176129423891885573e-01 9.378911255241625389e-01 1.002856220448080204e+00 9.371669013037560170e-01 9.735517417555856756e-01 9.114892937274479134e-01 1.054890623942052352e+00
9.701936311426225812e-01 1.062855862164249876e+00 9.822664752952390277e-01 9.569482303419728497e-01 1.032191862480579259e+00 1.017033229721965748e+00 1.047916925975014069e+00 1.069363995130635958e+00 9.531191902741138477e-01 9.336978660212172931e-01 1.031855634420882684e+00 9.884539033188342039e-01 9.119457369376766653e-01 9.004288444586640017e-01 9.178774123067495738e-01 9.804753025067974859e-01 8.671180991725023768e-01 8.248125661068650416e-01 8.912715298422073662e-01 7.413032374390362556e-01 9.762959447537242763e-01
