8.710794769981831109e-01 8.837150328137727273e-01 8.725393759039745678e-01 8.138979936695183159e-01 9.050191831396211528e-01 8.477362484093490247e-01 9.764944576112598584e-01 1.007571376425091758e+00 8.988023997990111091e-01 1.288651679350710566e+00 1.159055209447247936e+00 1.292970884428084055e+00 1.135651083046583132e+00 1.047077101044110004e+00 9.293440143278630661e-01 8.074425670477121120e-01 9.792673205999460340e-01 8.350761705558855663e-01 9.103002170533446291e-01 8.881481668504529470e-01 9.302660760783691973e-01
7.644425039470625904e-01 8.383367454918725370e-01 8.214271858951852634e-01 9.875184170619811796e-01 7.154839360005381677e-01 9.394711247698896983e-01 8.848212045799250802e-01 1.005234618051355611e+00 8.437495102186995943e-01 1.141039719063321689e+00 1.216389996818094010e+00 1.283350254532485524e+00 9.063894018041644962e-01 1.079938696199468584e+00 1.128083452748944282e+00 8.732018557955831817e-01 1.000543486184778397e+00 9.039628028978526908e-01 1.058045502244322256e+00 8.056974605715679916e-01 7.073419192987300264e-01
7.910653089351084022e-01 8.328652519103691976e-01 8.775402272306769280e-01 8.961694700450658635e-01 9.512644520912153512e-01 9.050607626304204567e-01 8.861331991082097570e-01 1.032965992619925721e+00 9.992939147408045342e-01 1.134054355163666594e+00 1.075547560391919344e+00 1.003318698861601410e+00 1.082303391715161878e+00 1.006216053503633523e+00 1.226650175554378164e+00 9.621994682943669774e-01 1.050004055992879159e+00 8.434101332724914801e-01 9.526770498648521324e-01 8.821290884502470675e-01 1.086203861563391104e+00
8.716626471641026885e-01 8.167962331203058035e-01 8.776020995035004324e-01 8.915390908272697867e-01 8.504262356749868745e-01 9.413202458534329908e-01 1.048730017890727728e+00 9.555751802960595898e-01 1.097554900601985572e+00 9.405955507430057150e-01 9.472485265587146097e-01 1.071679245234356648e+00 1.177230773742827807e+00 8.690554928850490191e-01 1.141590983759028566e+00 8.733634802387890694e-01 9.072863620584300515e-01 1.046170511521685720e+00 1.077410569042973387e+00 1.119994527600967293e+00 8.320043043925208215e-01
8.667607935280881026e-01 9.588126878748479687e-01 8.567775745575246793e-01 8.898613966332202807e-01 9.624675957699505568e-01 7.821566707594209689e-01 8.783256526865296232e-01 1.081658081877565625e+00 1.166478100833679754e+00 1.023370748351774218e+00 1.096989662156635292e+00 1.114532107451873033e+00 9.487679883628711286e-01 8.403747228839181238e-01 1.068511609077321012e+00 8.694267105471383816e-01 8.375125280778753512e-01 1.099978381973866881e+00 1.043388260173583326e+00 6.384906928608112819e-01 6.750896457531924133e-01
9.292660638402149287e-01 9.040386842888242791e-01 9.142824961354180102e-01 7.676139855477444041e-01 9.666680644540398548e-01 9.415300135050239660e-01 1.047019396746645681e+00 9.994005128027499962e-01 1.088535411819776089e+00 1.019829816075555673e+00 1.186707399401197849e+00 1.137260531992127621e+00 1.027108652453813109e+00 9.029225112785204121e-01 8.130773052104818266e-01 9.324846270889345368e-01 1.136155475131550130e+00 1.255236851160624001e+00 1.120710794802453059e+00 8.019904224566720696e-01 7.522423514148426360e-01
8.866818707785317777e-01 9.099334272064159013e-01 8.319400867000099620e-01 9.408973622885885568e-01 1.039073468564832847e+00 9.642046549049777537e-01 9.992328183220380300e-01 1.011287569978548628e+00 1.103987489642222819e+00 1.164280354917726079e+00 1.021019846037869661e+00 1.117232120076176560e+00 9.854273008331559947e-01 1.224099802923140468e+00 1.005468268265043763e+00 8.580586841859154656e-01 1.090541317960147749e+00 8.547442133993784497e-01 9.136239849600673590e-01 8.369435072594119118e-01 9.422102100335926211e-01
7.850012884235810784e-01 8.069222582494962603e-01 9.408716071021790972e-01 9.042617062127769056e-01 1.096903691580816798e+00 1.063878034681094098e+00 1.008601637688456121e+00 1.149217665064545590e+00 1.101257749070163605e+00 1.091621100798410460e+00 1.167846991644794885e+00 1.121602294034869995e+00 1.125429313005023912e+00 1.037344343835956861e+00 9.913119315550927846e-01 1.137396398149481680e+00 1.134787990313320005e+00 8.804847662290835597e-01 7.512086987203591137e-01 8.215261624807987939e-01 1.111878720385510944e+00
9.185705818278706580e-01 9.644137236487390075e-01 1.033495270505699892e+00 1.043519652049865520e+00 1.024008911572361180e+00 9.601693058658953284e-01 9.593172147885258294e-01 1.199665164564071462e+00 1.098958662544735176e+00 1.155891308997275546e+00 1.364788740658314570e+00 1.303796049246097155e+00 1.108241619162622760e+00 1.145462134255182507e+00 1.036298519664498041e+00 1.062247890899904235e+00 1.002215984585229203e+00 1.025541522640403880e+00 1.061751451789098688e+00 1.089688187840833322e+00 1.051519598568688707e+00
9.406891444295570892e-01 1.057001263644429701e+00 1.066074366941635487e+00 1.010465444557585357e+00 1.057799521791214836e+00 1.048441645890683338e+00 1.069391969737094161e+00 1.154315354000574834e+00 1.426048576241274901e+00 1.179003384956147871e+00 1.452651877975540184e+00 1.215313351715773926e+00 1.028183619889023737e+00 1.247292994468388372e+00 1.092923402301151370e+00 1.070705419970227057e+00 9.683704996604690640e-01 1.259308289336141362e+00 1.030049979685861761e+00 1.240686923356038696e+00 1.163662106661894846e+00
1.045973939009637199e+00 1.080464351830192404e+00 1.190383006946026168e+00 1.098999422729905362e+00 1.153678955636101122e+00 1.063965560071298722e+00 1.106158828723606602e+00 1.332513861938245503e+00 1.326639501098080265e+00 1.448616725352760204e+00 1.599227811595756110e+00 1.478049216342406602e+00 1.271188242066162877e+00 1.390475014238318208e+00 1.053244306039337053e+00 1.063366433378239773e+00 1.057929601919326945e+00 9.607069751151419146e-01 1.009388761503536180e+00 1.027359484736787731e+00 1.017369037273190502e+00
1.120971921800951510e+00 1.192926755158841390e+00 1.023331902493517909e+00 1.207137028303778337e+00 1.165135893886575902e+00 1.035983141949034181e+00 1.085689175888896685e+00 1.300690209334317116e+00 1.486702559021697789e+00 1.333292156035033926e+00 1.342219762229340141e+00 1.513862425476944384e+00 1.072369803170794222e+00 1.209131213584005327e+00 1.143339254338728184e+00 1.034874487840539370e+00 1.058609864162328051e+00 1.056222450201160790e+00 9.055087242036197193e-01 9.583905392757895436e-01 1.053844101879257700e+00
1.055572380477703076e+00 1.171516856073207213e+00 1.007464150131253344e+00 1.142649988454045529e+00 1.054521565002750627e+00 1.212660745583659772e+00 1.232828877438636228e+00 1.207050079895759520e+00 1.206493543408644342e+00 1.247475629102699601e+00 1.382554491473082958e+00 1.158126099128427233e+00 1.109481629802266500e+00 9.128452648506815148e-01 1.128167094615528665e+00 1.065388507255576878e+00 1.060006213495797489e+00 1.066131501548958749e+00 9.695316283197678020e-01 8.925454698486842142e-01 9.102509156905804755e-01
1.146361746705649720e+00 1.189486726646848291e+00 1.022062801159310919e+00 1.066447504547028080e+00 1.002288037848614977e+00 1.083830048788255507e+00 1.045446888498459570e+00 1.048262568864152700e+00 1.154753706398015334e+00 1.163055678023255934e+00 1.247315910750715018e+00 1.040426031216245217e+00 1.031597024925012818e+00 9.822457914907081200e-01 9.752901572554822929e-01 1.071866633028395244e+00 1.009864250942850594e+00 9.070586522466372870e-01 7.886582508128935354e-01 8.711957339346348972e-01 8.154122539506122314e-01
1.004052197757341780e+00 1.172096039180631877e+00 9.599824081899920314e-01 9.921371345538895214e-01 1.051880499070381614e+00 1.011800233543961314e+00 1.048047692807939857e+00 1.144543594227834804e+00 1.199414698258205236e+00 1.129781136910553707e+00 1.248704065300527022e+00 1.251546567517572539e+00 8.943198054231079608e-01 9.729709423548712488e-01 1.080785048425945361e+00 9.409185792804372062e-01 9.343010602082559846e-01 1.073458179431324711e+00 1.002479984497035348e+00 1.020351342520586790e+00 7.892713391466849027e-01
1.051053226551523556e+00 1.090318766423632457e+00 1.062689545634800670e+00 9.923075908109620924e-01 1.022639835312844525e+00 1.068293366830118218e+00 1.048260762066293816e+00 1.062716677478971361e+00 1.270351818880159245e+00 1.061925698084686287e+00 1.216034767994305321e+00 1.075254188813289602e+00 9.212163477408223944e-01 8.672809527376749150e-01 9.031816907635950020e-01 1.013475865035969425e+00 9.214548826396201653e-01 9.145724310795536605e-01 9.011480964518665537e-01 9.730700618917427214e-01 7.820761243390678130e-01
1.053450984448990324e+00 1.134264725355620396e+00 1.120433758456690354e+00 1.062442486094938632e+00 9.501383447421384298e-01 1.185843531043800247e+00 1.062718891896472950e+00 9.597334185420099972e-01 1.016204085179779781e+00 1.076005591576952192e+00 1.184738831781674939e+00 1.108852862315972576e+00 9.444753182076530695e-01 9.205035203911627883e-01 8.483493644940097722e-01 8.837996895678944531e-01 9.313370237383417072e-01 1.090868134798846922e+00 9.379463852663094681e-01 7.979943480616933371e-01 9.888171777078563762e-01
9.770246718657745744e-01 1.143548325395011389e+00 1.116685763090889738e+00 1.064452901266142115e+00 9.499754418766259700e-01 1.001582563689088934e+00 9.639914723758383763e-01 1.018343523912951687e+00 1.087656469891357780e+00 1.030552005284978367e+00 1.149716320685491233e+00 1.026996038732893135e+00 9.601559063861582199e-01 9.524915803869739017e-01 9.126188562234051060e-01 8.870388843740072415e-01 9.132525490432131798e-01 9.337007118571984954e-01 8.958588916502582267e-01 9.097687265391678491e-01 8.818070846667394047e-01
1.085007449323501572e+00 1.041671686346247183e+00 9.216858657332113181e-01 9.864692182362370110e-01 9.582091432035086953e-01 1.063381349572107171e+00 1.004950035436852351e+00 1.091240253694166995e+00 1.075794357444215699e+00 1.096557224995159840e+00 1.063218240775664736e+00 1.032912356277783106e+00 1.003782683905620532e+00 9.404488873959795381e-01 8.172465023654096328e-01 8.263287444269573623e-01 8.528620466764961217e-01 7.252460880075839444e-01 7.713028526272074359e-01 8.337141340463778416e-01 9.721517541039624843e-01
9.747634861657717975e-01 1.012451554908949891e+00 9.607587068118400575e-01 1.008467725461416054e+00 9.981451242469014939e-01 1.015000274489525456e+00 1.018137317381826001e+00 9.878620482443296602e-01 1.072481562739657335e+00 1.088169358892525640e+00 1.086233677978896139e+00 8.509325284222266639e-01 9.328823586446751692e-01 9.571191172312271123e-01 8.310024060080324348e-01 8.182940967284993983e-01 8.651833800524039164e-01 8.022619198432360266e-01 8.442553953846305692e-01 7.897297513291268167e-01 8.807466258924335767e-01
1.082405802938771755e+00 1.042530170624111463e+00 9.738296246487759822e-01 1.052587969858797878e+00 1.137191978860917940e+00 1.057047703658171134e+00 1.066505701289397257e+00 9.825904970848704512e-01 1.076276946141504265e+00 1.131492914832940455e+00 1.023264107062801687e+00 8.823668908534576527e-01 8.964915441969676380e-01 8.452896509472712649e-01 7.797157230600322286e-01 8.754916301764711362e-01 9.010764117789483718e-01 7.915612746282670864e-01 7.132225206604885237e-01 9.229263964006705345e-01 7.937090280756685656e-01
