9.884077280937061394e-01 8.924325014359474340e-01 9.130076437457899097e-01 8.972040837733646912e-01 8.782521997484921128e-01 1.021334940274714942e+00 1.164226247190884855e+00 8.942595184958158638e-01 1.014517380785403100e+00 8.270231814306876483e-01 1.070019433154066002e+00 9.958866664424941284e-01 7.060946291294046828e-01 7.824295218474666136e-01 6.815908632488533181e-01 1.246379786253529076e+00 9.829886198252838492e-01 9.466372674289907918e-01 9.016985696012776996e-01 8.679750717942088523e-01 7.311448920926943984e-01
9.535588846363921567e-01 8.358447495215676204e-01 1.008688735534184477e+00 9.153758912137476278e-01 9.446491060794967032e-01 1.042368129759424722e+00 1.179326710484303931e+00 8.794909087796768388e-01 9.367805193426321786e-01 9.877916338576201438e-01 1.081256476896700347e+00 1.012549064177990843e+00 8.209846726908276437e-01 1.055868199522901119e+00 8.081351987206827348e-01 1.052242451337888518e+00 8.993892789242314834e-01 8.121184653935146214e-01 9.764558346729472760e-01 9.510536007071063169e-01 8.186860323010477503e-01
9.660581755267447779e-01 8.941241295950798085e-01 9.844571291366747134e-01 8.595947998226182163e-01 9.917137284280850285e-01 1.031329464552577235e+00 8.819145420946539193e-01 9.578758189982516935e-01 9.685226160433345610e-01 9.465421529667422673e-01 1.140866438233487878e+00 1.067842709433177939e+00 8.251856286307673871e-01 7.982372905583452471e-01 8.987410784368925487e-01 9.468928355945437358e-01 8.478499825282385105e-01 8.586160994470585228e-01 9.239693698003870193e-01 8.794542664072776406e-01 7.679407549349960282e-01
8.930662950989278759e-01 1.017481266148870800e+00 9.891301849939555524e-01 1.008857846041363748e+00 1.065900544596677824e+00 1.092514643699031174e+00 9.058625093000717277e-01 1.000141833986449180e+00 1.186175560666674622e+00 1.080597514754892963e+00 9.582834379201865538e-01 7.378702434683559463e-01 8.586066615435083982e-01 8.563254849726757989e-01 1.059795056107381672e+00 1.015647662159101738e+00 8.761215764331773403e-01 9.157862633519729956e-01 6.759544160067835206e-01 1.057156355231602785e+00 8.516405299641273130e-01
9.647016213276631280e-01 9.270683092337351772e-01 1.002985247308252115e+00 8.780229891060545855e-01 8.083759802707023434e-01 1.023951027476291742e+00 1.025389362165888052e+00 9.864967023816235692e-01 1.032552838251423966e+00 1.060162613116898411e+00 1.026013719648239286e+00 8.574101226432144784e-01 9.102563350321362101e-01 9.167222303547973850e-01 9.399553377651324038e-01 7.612239028599734336e-01 8.096139580526396928e-01 9.543885463247961942e-01 8.043983433124308746e-01 8.563208913865065774e-01 8.563342282800212590e-01
9.897119575838030370e-01 9.529490534620825848e-01 8.543800702630302002e-01 8.450729585259831866e-01 9.855930850973805279e-01 8.824271281374783671e-01 7.355745379728296784e-01 9.162926939692851436e-01 9.841556049553139562e-01 1.134404653871289526e+00 9.167980050721884488e-01 1.010583835589147661e+00 1.113356005686597427e+00 1.003833963670046847e+00 9.079312498071194781e-01 9.689037686975999764e-01 8.828654129365410830e-01 8.693519795651667437e-01 8.928313011216247874e-01 8.162271192711653134e-01 8.034409573884339073e-01
1.003527474467689862e+00 9.100639197493272103e-01 9.275958545032106928e-01 9.072958147032852416e-01 8.943316166352662799e-01 1.023334994004462040e+00 9.634493900010507872e-01 8.765895754141065366e-01 8.222634606698036031e-01 9.597936896066798784e-01 9.042530923029989953e-01 8.427763547604099070e-01 9.686542752398000777e-01 9.202224516716944747e-01 9.421557715632374874e-01 9.375161088442738322e-01 9.611741749011535330e-01 9.774574976713990004e-01 8.810775704380535700e-01 8.943425793959024483e-01 1.005929302387082336e+00
9.622613377351757480e-01 9.296079391946839854e-01 9.125094679902606698e-01 9.793095718030931929e-01 8.951070858344339909e-01 9.156413706738171232e-01 1.015178915821389527e+00 9.041275511211266380e-01 9.008548662166698806e-01 9.388557016214558182e-01 9.685734794958419380e-01 1.085475868080232997e+00 1.000174021764680621e+00 9.205133778119369836e-01 1.013218537911855899e+00 9.860612152976375722e-01 1.064792868731499809e+00 1.034113583605765108e+00 8.988330424197008561e-01 7.874122315947251760e-01 7.722768065857938957e-01
9.378569052055354405e-01 1.010584116996643189e+00 1.048902798044490492e+00 9.413772505019710746e-01 9.032459011305941088e-01 9.557094947333086843e-01 1.008762445472921376e+00 9.184787127091107450e-01 9.422910352630174957e-01 1.009352272012710827e+00 1.062681950295421451e+00 1.296067034736156698e+00 1.016387288032056357e+00 8.897659390704716342e-01 9.587437148874221604e-01 7.737661687064226745e-01 8.661368028591126533e-01 9.091932217413866146e-01 8.276930248798031187e-01 8.966040467726481555e-01 8.640505210399583857e-01
9.966726701793851007e-01 1.026904186018717358e+00 9.772669213801314925e-01 9.898223002292499961e-01 1.029382157351730109e+00 9.757858895038811209e-01 8.815413189251116721e-01 9.420187618019288944e-01 9.330811830452192535e-01 1.150610280586979117e+00 9.526284032843468363e-01 9.579390134480452179e-01 8.164928155651953734e-01 9.593732585509512356e-01 9.268489596175938372e-01 1.000903558864288279e+00 9.781788838206600945e-01 9.704856504252727945e-01 8.693629510248165326e-01 9.128274800627291796e-01 7.426897238467117246e-01
9.824804395427135795e-01 9.561017361823295202e-01 9.431105032702892244e-01 9.637674235401451073e-01 1.022984187049917004e+00 1.019697434722369289e+00 1.020974726188294879e+00 1.129505518525161456e+00 9.617811314789396215e-01 9.731202025680972811e-01 1.284156911481669772e+00 9.534295652871868088e-01 1.147776123567784134e+00 1.063039686713598941e+00 9.191212298198668806e-01 9.931750282415369169e-01 9.692922730646399421e-01 1.009533938712656731e+00 9.405939941925017811e-01 8.326861626008726924e-01 1.000579405664509647e+00
9.895228598294624200e-01 9.651853741680975762e-01 9.568284792119988724e-01 1.035103152621903000e+00 1.071549739695000669e+00 9.522868248088640630e-01 9.951082644691562340e-01 1.015773625758079834e+00 9.909332453606629620e-01 9.441571711872944750e-01 1.134977434165026944e+00 9.916349387429947981e-01 1.040965753788019477e+00 9.695175187103924896e-01 9.486699388447269454e-01 1.078825542991955988e+00 9.263264960968088380e-01 9.430459922233012104e-01 8.429878826073466946e-01 7.957683783132398769e-01 1.172335545369959986e+00
1.034748398907092470e+00 1.022791009512676874e+00 9.902167527159058125e-01 1.020433989221380289e+00 9.722042647662658688e-01 1.022126261914410472e+00 9.390700781388273688e-01 9.954348708122664480e-01 1.179114008699619465e+00 9.839919881146262925e-01 9.680981597885859324e-01 9.228311118433444316e-01 8.772551179107085373e-01 9.539278857988352511e-01 8.965334667730068263e-01 1.146475386409167685e+00 1.018329364763860712e+00 8.008364882655385486e-01 1.037022615745784915e+00 9.619918004497753916e-01 9.191808441556597042e-01
1.026654775279464360e+00 9.677582534957996918e-01 1.020119296578154255e+00 9.714897551521005648e-01 9.803714228491402505e-01 1.023482071374436142e+00 9.333643366266427543e-01 9.569815711786413548e-01 1.006974510654783384e+00 9.422932191738940810e-01 9.469798318284676775e-01 9.922239860907455800e-01 9.594788297998174675e-01 1.008828705483875376e+00 9.058728879339311701e-01 8.692899445582563667e-01 8.370407321246495780e-01 8.840524864123631144e-01 8.592573576937764246e-01 8.277641593416025234e-01 9.391640896534834138e-01
9.840752418681567582e-01 1.014624694700677177e+00 1.009210270691365929e+00 9.450268066897292707e-01 1.042643810799274817e+00 9.852172007556400102e-01 1.014498580748592671e+00 9.247348151460929033e-01 1.045075768425653751e+00 1.062776600876089717e+00 1.066820397336610382e+00 9.407195501445322350e-01 1.101324570617536525e+00 9.100108556241646163e-01 8.797335974841548056e-01 7.872259466691544638e-01 9.943281575969482589e-01 8.303781977580860785e-01 8.159489931502253990e-01 9.694796437074156836e-01 9.990292737948803792e-01
1.005444832675437272e+00 1.131735791798638369e+00 9.677741334695277864e-01 1.087653908658740898e+00 1.012058516899708716e+00 9.548241810924869011e-01 1.015893892591888337e+00 9.614463356829202612e-01 9.820095095226057946e-01 1.065512665832554218e+00 1.024476101088948266e+00 9.132552104607279952e-01 9.646628844769297162e-01 8.431044282944618606e-01 8.413443837505266698e-01 9.004117583966054772e-01 9.282350667086468610e-01 9.532483241742567559e-01 9.011225217829280654e-01 9.468398404927341749e-01 8.806857185572799507e-01
1.091335760166853186e+00 1.069159541005125114e+00 9.333305984830679858e-01 9.904657355008775754e-01 1.077554688227388535e+00 1.027520531867535780e+00 9.975210350329110076e-01 9.806829452543185388e-01 9.669075609775107383e-01 9.865965593199659267e-01 9.748191596557337357e-01 1.044107451130522612e+00 1.034780035601060355e+00 9.659251436323442741e-01 8.366396966551985503e-01 9.721566801270141722e-01 1.020918243744776355e+00 8.221287222481885593e-01 9.517477372140941139e-01 9.457414116085341993e-01 9.066369720244110697e-01
9.610016158454270929e-01 9.739700640003345899e-01 8.855041903221015920e-01 9.788336884845588726e-01 1.084168467862538954e+00 9.692586167558101540e-01 1.008477104811232872e+00 1.004659997606812016e+00 9.601739096369140691e-01 9.978716850058972909e-01 1.074169528090066938e+00 1.021094477159527392e+00 1.000444233131390304e+00 8.927995086252455970e-01 9.324076391474280801e-01 9.044263869566252501e-01 1.037449633206644517e+00 9.306768662442762574e-01 8.920691584474784719e-01 8.359938003971503218e-01 9.413610116339115041e-01
1.051382586138163822e+00 1.041404824951877028e+00 9.932452386521144483e-01 9.844758922373556542e-01 1.006182431416279721e+00 9.591194290518970655e-01 9.869848743593954143e-01 9.537034662033977428e-01 9.394791777303872493e-01 9.903486697966490393e-01 9.556938776181095330e-01 9.760322585237467541e-01 9.560478002942340847e-01 9.189362434732730733e-01 9.571750430251401154e-01 8.101325528626389660e-01 8.706549937659412430e-01 9.867240278960461852e-01 9.103632440580901042e-01 9.296546160998732100e-01 8.670775812976146968e-01
1.039571941516771458e+00 9.532305795842230811e-01 9.472554826401893280e-01 1.002528064068729741e+00 1.018211868969552736e+00 1.039712382084428954e+00 1.003245164275362811e+00 9.740777603338222068e-01 9.923674341189580028e-01 9.820010829846647082e-01 1.058298724132579638e+00 9.811198453152080168e-01 9.081418154757554539e-01 8.537639652595868656e-01 8.985481662711011230e-01 9.186952581186951239e-01 9.988265403844317492e-01 9.333345758403930326e-01 9.278020733269329856e-01 9.558607345826038992e-01 1.004356056498527217e+00
9.851498967813904217e-01 1.100502704378193197e+00 1.012082958110190001e+00 9.649431629560321078e-01 1.049587712296415454e+00 1.046682681214851085e+00 1.038025493928568466e+00 1.043644397056409989e+00 9.266448699113069010e-01 9.313099707027817642e-01 1.058606628617121181e+00 9.717786353358310869e-01 9.263546690662590732e-01 9.050428133971344380e-01 9.066365039541827153e-01 9.833643608928545055e-01 8.742241141564296436e-01 8.410885873875683094e-01 8.927612140241897309e-01 7.187724055982123161e-01 9.672572295124457487e-01
